# a)
fahrenheit <- c(51.9,51.8,51.9,53)

# b)
celsius <- 5/9 * (fahrenheit - 32)

# c)
otherF <- c(48, 48.2, 48, 48.7)
fahrenheit - otherF
